List of words: ['\ufeffЗаповіт', 'Як', 'умру,', 'то', 'поховайте', 'Мене', 'на', 'могилі', 'Серед', 'степу', 'широкого', 'На', 'Вкраїні', 'милій,', 'Щоб', 'лани', 'широкополі,', 'І', 'Дніпро,', 'і', 'кручі', 'Було', 'видно,', 'було', 'чути,', 'Як', 'реве', 'ревучий.', 'Як', 'понесе', 'з', 'України', 'У', 'синєє', 'море', 'Кров', 'ворожу...', 'отойді', 'я', 'І', 'лани', 'і', 'гори', '—', 'Все', 'покину,', 'і', 'полину', 'До', 'самого', 'Бога', 'Молитися...', 'а', 'до', 'того', 'Я', 'не', 'знаю', 'Бога.', 'Поховайте', 'та', 'вставайте,', 'Кайдани', 'порвіте', 'І', 'вражою', 'злою', 'кров’ю', 'Волю', 'окропіте.', 'І', 'мене', 'в', 'сем’ї', 'великій,', 'В', 'сем’ї', 'вольній,', 'новій,', 'Не', 'забудьте', 'пом’янути', 'Незлим', 'тихим', 'словом.']
Initial array: [ 8  2  5  2  9  4  2  6  5  5  8  2  7  6  3  4 11  1  7  1  5  4  6  4
  5  2  4  8  2  6  1  7  1  5  4  4  9  6  1  1  4  1  4  1  3  7  1  6
  2  6  4 11  1  2  4  1  2  4  5  9  2 10  7  7  1  6  4  6  4  9  1  4
  1  5  8  1  5  8  6  2  8  9  6  5  7]
Sorted array: [ 1  1  1  1  1  1  1  1  1  1  1  1  1  1  1  2  2  2  2  2  2  2  2  2
  2  2  3  3  4  4  4  4  4  4  4  4  4  4  4  4  4  4  4  5  5  5  5  5
  5  5  5  5  5  6  6  6  6  6  6  6  6  6  6  6  7  7  7  7  7  7  7  8
  8  8  8  8  8  9  9  9  9  9 10 11 11]
array: [1.         1.         1.         1.         1.         1.
 1.         1.         1.         1.         1.         1.
 1.         1.         1.         1.41421356 1.41421356 1.41421356
 1.41421356 1.41421356 1.41421356 1.41421356 1.41421356 1.41421356
 1.41421356 1.41421356 1.73205081 1.73205081 2.         2.
 2.         2.         2.         2.         2.         2.
 2.         2.         2.         2.         2.         2.
 2.         2.23606798 2.23606798 2.23606798 2.23606798 2.23606798
 2.23606798 2.23606798 2.23606798 2.23606798 2.23606798 2.44948974
 2.44948974 2.44948974 2.44948974 2.44948974 2.44948974 2.44948974
 2.44948974 2.44948974 2.44948974 2.44948974 2.64575131 2.64575131
 2.64575131 2.64575131 2.64575131 2.64575131 2.64575131 2.82842712
 2.82842712 2.82842712 2.82842712 2.82842712 2.82842712 3.
 3.         3.         3.         3.         3.16227766 3.31662479
 3.31662479]
